
  (i)

  1  7  3  4
  5  2  6  0
  0  9  3  5
  8  1  7  6

 (ii)

  1  7  3  4  5  2  6  0  0  9  3  5  8  1  7  6

(iii)

           1
           5
           0
           8
           7
           2
           9
           1
           3
           6
           3
           7
           4
           0
           5
           6

 (iv)

  1  7  3  4
  5
  0
  8

  (v)

d3 is 252
d2 is 197
Therefore, d3 > d2

 (vi)

  1  5  0  8
  7  2  9  1
  3  6  3  7
  4  0  5  6
