 Orthonormal basis:
 e1 =   0.577350259      0.577350259      0.577350259    
 e2 =   0.408248246      0.408248246     -0.816496551    
 e3 =   0.707106769     -0.707106769      -4.21468478E-08
