 Orthonormal basis:
e1 =   0.577350  0.577350  0.577350
e2 =   0.408248  0.408248 -0.816497
e3 =   0.707107 -0.707107 -0.000000
